1041
832
936
989
988
833
884
989
936
885
728
832
