572
520
468
521
520
468
572
469
520
569
466
468
520
520
520
521
518
468
520
469
572
520
