817
869
817
816
767
817
714
668
714
612
717
663
767
817
