521
572
572
572
573
572
520
625
624
572
572
625
676
572
573
572
676
627
572
